Kp = 800;
Ki = 40;
